a:discrete,b:discrete,c:discrete,d:discrete,cls:continuous:class
1,1,1,1,0.1
1,1,1,2,0.12
1,1,2,3,0.09
1,1,2,4,0.08
1,2,3,5,0.325
1,2,6,6,0.32
1,2,4,7,0.33
1,3,5,8,0.31
2,2,4,1,0.6
2,3,5,2,0.69
2,3,5,3,0.61
2,3,5,4,0.63
2,4,5,5,0.95
2,4,7,6,0.97
2,4,8,7,0.98
2,4,8,8,0.975
1,1,1,1,0.11
1,1,1,2,0.119
1,1,2,3,0.0911
1,1,2,4,0.0812
1,2,3,5,0.32513
1,2,6,6,0.3214
1,2,4,7,0.3315
1,3,5,8,0.3116
2,2,4,1,0.617
2,3,5,2,0.6918
2,3,5,3,0.6119
2,3,5,4,0.6311
2,4,5,5,0.9512
2,4,7,6,0.9713
2,4,8,7,0.9814
2,4,8,8,0.97515